siteRates <- structure(
               list(
                 Site = 1:47, 
                 Country = c(1L, 1L, 1L, 1L, 1L, 1L, 2L, 2L, 2L, 3L, 3L, 3L, 3L, 
                             4L, 4L, 4L, 5L, 5L, 5L, 5L, 5L, 5L, 5L, 5L, 5L, 5L, 
                             5L, 5L, 5L, 6L, 6L, 6L, 7L, 7L, 7L, 7L, 7L, 8L, 8L, 
                             8L, 9L, 9L, 10L, 10L, 11L, 12L, 12L), 
                 Patients = c(1L, 8L, 2L, 4L, 4L, 3L, 4L, 1L, 1L, 16L, 5L, 2L, 
                              1L, 2L, 2L, 4L, 1L, 1L, 1L, 2L, 1L, 1L, 2L, 2L, 1L, 
                              1L, 1L, 2L, 1L, 5L, 1L, 2L, 3L, 1L, 2L, 4L, 4L, 3L, 
                              2L, 4L, 6L, 2L, 3L, 3L, 2L, 1L, 2L), 
                 Exposure = c(0.361396303901437,  18.9240246406571, 1.01848049281314, 
                              9.59342915811088, 5.91375770020534,   4.50102669404517, 
                              16.1314168377823, 4.46817248459959, 2.36550308008214, 
                              41.0020533880903, 17.0184804928131, 3.5482546201232, 
                              1.57700205338809, 2.26694045174538, 1.28131416837782, 
                              3.81108829568789, 0.394250513347023, 1.74127310061602, 
                              2.39835728952772, 2.43121149897331, 1.01848049281314,
                              1.1170431211499, 0.788501026694045, 2.56262833675565, 
                              1.08418891170431,  2.92402464065708, 0.82135523613963, 
                              1.7741273100616, 1.93839835728953, 9.19917864476386, 
                              3.38398357289528, 7.52361396303901, 4.92813141683778,
                              0.328542094455852, 2.16837782340862, 8.93634496919918, 
                              5.09240246406571, 1.37987679671458, 1.90554414784394, 
                              4.20533880903491, 23.6221765913758, 6.6694045174538, 
                              2.92402464065708, 1.7741273100616, 1.60985626283368, 
                              4.0082135523614, 1.01848049281314), 
                 Events = c(10L, 83L, 22L, 13L, 10L, 21L, 78L, 11L, 9L, 137L, 61L, 
                            3L, 7L, 13L, 0L, 12L, 2L, 2L, 7L, 2L, 5L, 1L, 8L, 13L, 
                            3L, 9L, 0L, 7L, 4L, 22L, 5L, 11L, 20L, 8L, 17L, 30L, 
                            23L, 6L, 1L, 0L, 72L, 6L, 49L, 13L, 20L, 5L, 39L), 
                 Rate = c(27.6704545454545, 4.38595920138889, 21.6008064516129,    
                          1.35509417808219, 1.69097222222222, 4.66560218978102, 
                          4.83528513238289, 2.46185661764706, 3.8046875, 
                          3.34129607371795, 3.5843388030888, 0.845486111111111, 
                          4.43880208333333, 5.73460144927536, 0, 3.14870689655172,
                          5.07291666666667, 1.14858490566038, 2.91866438356164, 
                          0.822635135135135, 4.90927419354839, 0.895220588235294, 
                          10.1458333333333, 5.07291666666667, 2.76704545454545, 
                          3.07794943820225, 0, 3.94560185185185, 2.0635593220339,
                          2.39151785714286, 1.47754854368932, 1.46206331877729, 
                          4.05833333333333, 24.35, 7.83996212121212, 3.35707720588235, 
                          4.51653225806452, 4.34821428571429, 0.524784482758621, 
                          0, 3.04798331015299, 0.899630541871921, 16.7577247191011, 
                          7.3275462962963, 12.4234693877551, 1.24743852459016, 
                          38.2923387096774)
              ), 
              row.names = c(NA, -47L), 
              class = c("tbl_df", "tbl", "data.frame") 
            )
usethis::use_data(siteRates, overwrite = TRUE)
